"","SG11","CITTAD","ETAM","TISTUD","DURRIC","STACIM","RIP3"
"2",2,1,21,5,1,1,1
"3",1,2,52,4,1,2,1
"4",1,1,58,3,1,2,1
"5",2,1,19,5,1,1,1
"6",1,1,31,3,1,1,3
"7",2,1,24,8,1,1,1
"8",1,1,38,3,2,1,1
"9",1,3,19,3,2,1,1
"10",1,1,18,4,2,1,2
"11",1,1,28,10,3,1,1
"12",1,1,28,5,2,1,1
"13",2,1,25,5,1,1,3
"14",1,1,31,5,3,2,1
"15",1,1,31,10,2,1,2
"16",2,1,27,5,3,1,1
"17",2,2,29,4,1,1,3
"18",1,1,20,5,2,1,1
"19",1,1,24,5,1,1,1
"20",2,1,26,3,1,1,1
"21",1,1,42,3,1,1,2
"22",2,1,37,5,2,2,1
"23",2,2,47,3,1,2,2
"24",1,1,45,5,2,2,1
"25",1,1,21,5,3,1,1
"26",1,1,33,5,3,1,3
"27",1,1,43,3,5,1,1
"28",1,1,19,5,1,1,1
"29",1,1,22,4,1,1,1
"30",2,1,25,7,5,1,1
"31",1,1,40,2,3,2,2
"32",2,3,39,5,1,1,1
"33",1,1,44,2,6,2,1
"34",1,1,18,5,3,1,3
"35",1,1,25,10,4,1,2
"36",1,1,33,5,7,1,1
"37",1,1,32,9,1,2,3
"38",1,1,20,3,1,1,1
"39",1,1,28,5,2,1,3
"40",2,1,28,8,3,1,1
"41",2,1,40,5,2,3,2
"42",2,1,35,10,6,1,1
"43",2,1,20,5,6,1,1
"44",2,2,24,8,1,1,1
"45",2,1,19,5,1,1,3
"46",2,1,45,5,1,2,3
"47",1,1,38,3,1,2,2
"48",2,1,23,5,1,1,1
"49",1,1,34,5,2,1,2
"50",2,1,41,10,1,1,3
"51",2,1,32,3,4,3,1
"52",1,1,39,4,1,1,1
"53",1,1,20,3,5,1,1
"54",1,1,45,5,2,2,1
"55",1,2,23,3,1,1,2
"56",2,1,29,5,5,1,2
"57",2,1,34,5,3,1,2
"58",1,1,23,5,6,1,2
"59",1,3,24,4,6,1,1
"60",1,1,47,3,6,1,1
"61",2,1,25,10,8,1,1
"62",2,1,53,3,9,2,1
"63",2,1,39,3,2,1,1
"64",2,3,24,8,6,1,1
"65",1,1,24,8,6,1,1
"66",1,1,19,5,4,1,2
"67",1,3,43,10,2,2,1
"68",2,1,28,8,5,1,1
"69",1,3,33,8,3,2,1
"70",2,1,27,8,3,1,2
"71",1,1,22,5,2,1,1
"72",1,1,18,4,4,1,1
"73",1,3,40,3,1,2,3
"74",2,1,19,5,6,1,2
"75",2,1,22,5,6,1,1
"76",1,3,39,5,1,2,2
"77",2,1,25,5,2,1,1
"78",1,1,48,3,1,3,1
"79",1,1,37,3,2,1,1
"80",2,1,19,5,1,1,1
"81",1,1,22,3,3,1,1
"82",2,1,31,9,1,1,1
"83",2,1,34,10,2,2,1
"84",1,1,39,10,5,1,3
"85",2,1,29,3,1,1,1
"86",2,1,27,5,3,1,1
"87",2,3,31,4,4,1,1
"88",2,1,40,10,2,1,3
"89",2,1,21,5,12,1,1
"90",1,1,23,5,12,1,1
"91",2,1,26,10,6,1,1
"92",2,1,51,3,6,2,2
"93",2,1,32,5,7,2,3
"94",1,3,42,2,2,2,2
"95",2,1,25,5,2,1,3
"96",2,1,25,9,6,1,1
"97",1,1,23,5,2,1,1
"98",2,1,37,10,6,2,1
"99",2,1,28,5,2,1,2
"100",1,1,52,3,2,2,1
"101",2,1,33,5,5,1,3
"102",2,1,23,5,12,1,1
"103",2,1,35,5,12,1,2
"104",2,1,40,3,6,2,3
"105",1,1,23,5,2,1,3
"106",1,1,42,6,1,1,1
"107",2,2,38,5,3,1,2
"108",1,1,27,5,12,1,3
"109",1,1,45,3,4,1,2
"110",1,1,34,5,1,1,1
"111",2,1,44,3,12,2,1
"112",2,1,20,5,8,1,1
"113",2,1,26,5,1,1,1
"114",2,1,22,5,12,1,1
"115",1,1,20,4,12,1,2
"116",2,1,40,7,1,3,1
"117",2,1,28,10,6,1,1
"118",2,1,28,8,12,1,2
"119",2,1,34,5,6,2,3
"120",1,3,40,10,2,1,1
"121",2,1,33,8,12,1,2
"122",2,1,54,3,4,3,1
"123",1,3,37,2,12,3,1
"124",1,1,43,3,2,1,1
"125",2,1,45,5,12,2,2
"126",2,2,27,10,12,1,1
"127",2,1,22,5,4,1,1
"128",1,3,27,3,15,1,1
"129",1,3,52,3,2,2,3
"130",1,3,47,5,12,2,1
"131",2,1,24,5,6,1,1
"132",1,1,32,10,3,1,1
"133",2,2,45,5,12,2,1
"134",1,1,56,5,12,2,1
"135",2,1,45,10,3,1,3
"136",2,1,41,3,9,3,1
"137",2,1,22,5,3,1,1
"138",2,1,48,5,12,1,2
"139",1,1,30,9,11,1,2
"140",1,1,53,3,12,1,3
"141",2,1,31,8,12,1,2
"142",2,1,23,8,9,1,2
"143",1,1,28,5,12,1,3
"144",1,1,28,8,12,1,1
"145",2,1,40,5,3,2,1
"146",2,1,25,9,6,1,2
"147",1,1,63,2,12,3,1
"148",1,2,41,5,12,3,3
"149",2,3,46,10,12,3,1
"150",2,1,34,4,12,1,2
"151",1,3,40,1,12,2,1
"152",2,1,45,3,10,2,3
"153",1,1,48,5,18,2,1
"154",2,1,46,3,8,2,3
"155",2,1,21,5,12,1,3
"156",2,1,36,3,6,1,1
"157",2,1,42,8,14,2,1
"158",1,1,45,3,12,2,3
"159",1,1,42,3,18,1,3
"160",1,1,25,3,12,1,2
"161",1,1,36,10,6,1,1
"162",2,2,22,3,12,1,1
"163",2,1,39,5,2,3,2
"164",2,1,27,9,1,1,1
"165",1,1,36,10,2,2,1
"166",2,1,26,8,3,1,1
"167",2,1,27,8,2,1,1
"168",2,1,28,5,3,1,1
"169",1,1,38,7,1,2,1
"170",1,1,32,3,12,2,1
"171",2,1,46,5,12,3,2
"172",1,1,30,4,12,2,1
"173",1,1,28,5,18,1,2
"174",1,1,60,2,9,3,1
"175",1,1,29,9,12,1,1
"176",1,1,27,9,8,1,1
"177",2,1,35,10,12,1,1
"178",1,1,30,5,6,1,3
"179",1,1,36,10,12,2,3
"180",2,1,34,10,12,2,3
"181",2,1,37,10,12,1,1
"182",1,1,20,3,12,1,1
"183",1,1,39,9,6,2,1
"184",2,1,23,8,18,1,1
"185",1,1,32,9,12,1,3
"186",1,1,27,9,12,1,1
"187",1,1,49,3,12,1,1
"188",1,1,26,3,12,1,2
"189",2,1,27,9,9,1,1
"190",2,1,24,5,24,1,1
"191",1,2,24,4,24,1,1
"192",1,1,41,4,24,2,2
"193",1,3,52,4,24,2,1
"194",2,1,30,8,12,1,1
"195",1,1,30,10,12,1,1
"196",2,3,35,5,12,2,1
"197",2,1,32,10,12,2,1
"198",2,1,28,10,12,1,1
"199",2,1,27,10,12,1,1
"200",2,1,30,9,12,1,3
"201",2,1,32,8,12,1,1
"202",1,3,49,2,24,2,3
"203",1,1,47,5,12,2,3
"204",2,1,31,9,12,1,1
"205",2,1,39,5,12,2,1
"206",1,2,37,5,24,2,2
"207",1,1,28,10,12,1,2
"208",2,1,45,5,18,2,1
"209",1,1,39,3,24,2,1
"210",2,1,20,5,18,1,3
"211",2,1,42,5,24,2,3
"212",1,1,38,3,24,1,1
"213",1,1,54,3,12,2,3
"214",1,1,26,5,24,1,1
"215",2,1,27,10,12,2,3
"216",1,1,53,3,12,3,3
"217",1,1,46,3,24,2,3
"218",1,1,29,3,20,1,3
"219",2,1,34,5,24,2,3
"220",1,1,53,3,24,2,3
"221",2,1,22,3,24,1,1
"222",1,3,31,3,24,2,2
"223",2,1,32,9,12,2,2
"224",1,3,35,2,24,1,1
"225",1,1,21,3,24,1,3
"226",1,1,23,5,24,1,3
"227",1,1,28,3,24,2,3
"228",1,3,35,3,24,3,1
"229",1,1,48,3,21,1,1
"230",2,3,55,4,24,2,1
"231",2,1,29,9,24,1,3
"232",2,1,18,5,16,1,3
"233",1,1,44,3,24,2,3
"234",2,1,24,5,1,1,2
"235",1,1,50,10,20,2,3
"236",2,1,51,5,2,1,1
"237",1,3,52,3,24,3,2
"238",2,1,28,9,24,2,1
"239",2,1,24,3,24,3,3
"240",1,1,22,5,24,1,2
"241",2,2,39,5,24,2,1
"242",2,1,26,5,5,1,2
"243",2,1,20,5,13,1,1
"244",1,1,20,5,24,1,3
"245",1,1,39,5,24,2,3
"246",2,1,27,8,24,1,1
"247",2,1,26,3,2,1,3
"248",1,1,40,3,24,1,1
"249",2,1,60,3,13,2,3
"250",2,1,21,5,30,1,2
"251",2,1,31,8,3,1,3
"252",2,1,41,5,24,1,2
"253",2,1,27,9,24,1,3
"254",1,1,30,5,24,1,3
"255",2,1,20,5,24,1,2
"256",1,1,50,5,24,2,3
"257",2,1,23,5,2,1,1
"258",2,1,29,9,24,1,3
"259",1,1,46,2,24,2,1
"260",2,1,28,10,24,1,3
"261",2,1,27,8,20,1,1
"262",2,2,35,5,24,1,2
"263",1,1,46,10,24,1,2
"264",2,1,31,3,24,3,3
"265",1,1,44,10,22,1,1
"266",2,1,37,5,36,2,2
"267",2,1,53,3,24,3,1
"268",2,1,30,9,1,1,2
"269",1,2,35,5,36,1,1
"270",1,3,43,4,24,2,1
"271",2,1,52,8,36,2,1
"272",1,1,22,5,36,1,3
"273",2,1,44,5,36,2,3
"274",1,1,21,5,12,1,1
"275",2,1,49,5,24,2,3
"276",1,1,19,3,24,1,1
"277",2,1,55,5,36,2,3
"278",2,1,40,5,24,2,2
"279",2,2,50,7,36,2,1
"280",1,1,37,5,2,1,3
"281",1,1,20,5,3,1,2
"282",2,1,40,3,36,2,1
"283",2,1,40,5,36,2,2
"284",2,1,24,4,2,1,2
"285",1,2,47,4,24,3,1
"286",2,1,41,5,24,2,3
"287",1,1,24,8,6,1,1
"288",1,1,51,6,31,2,2
"289",2,2,27,7,2,1,3
"290",1,1,49,3,36,2,2
"291",2,1,30,10,36,1,1
"292",2,1,27,5,36,1,1
"293",1,1,45,5,36,1,1
"294",2,1,28,8,36,1,3
"295",2,1,29,9,3,1,2
"296",1,1,46,3,36,2,3
"297",2,3,28,8,6,1,1
"298",2,1,39,10,36,2,2
"299",2,1,43,3,36,3,1
"300",1,1,36,5,36,1,2
"301",2,1,40,8,24,1,2
"302",1,1,22,5,24,1,3
"303",2,1,55,5,12,2,1
"304",2,3,31,10,36,1,2
"305",1,1,26,5,36,1,1
"306",1,1,27,5,48,1,1
"307",2,1,24,5,48,1,3
"308",2,1,24,5,24,1,1
"309",1,1,48,3,48,2,3
"310",1,1,59,4,48,2,1
"311",2,1,33,5,48,2,3
"312",2,1,25,8,24,1,1
"313",2,1,47,3,48,3,3
"314",1,1,34,5,48,1,3
"315",2,1,41,3,60,1,2
"316",1,1,52,5,48,2,1
"317",1,1,22,3,3,1,1
"318",1,1,23,5,60,1,2
"319",2,1,49,5,60,2,3
"320",2,1,54,3,50,2,2
"321",1,1,60,3,50,3,3
"322",1,3,26,3,60,1,2
