"","SG11","CITTAD","ETAM","TISTUD","DURRIC","STACIM","RIP3"
"2",1,1,18,4,1,1,1
"3",1,1,28,5,1,1,2
"4",1,3,43,3,1,2,1
"5",2,1,23,10,1,1,1
"6",2,1,28,8,2,1,2
"7",2,1,21,5,2,1,1
"8",1,1,36,5,1,1,3
"9",1,1,31,5,2,1,1
"10",2,1,24,5,1,1,1
"11",1,1,41,3,2,2,3
"12",1,2,38,4,1,1,1
"13",1,1,27,3,1,1,2
"14",1,1,32,4,1,1,1
"15",1,1,38,5,1,2,2
"16",2,1,45,5,4,3,1
"17",2,1,34,10,1,1,2
"18",1,1,43,3,3,1,1
"19",2,1,44,5,2,3,1
"20",1,1,42,3,4,3,2
"21",1,3,26,4,1,1,1
"22",1,1,30,8,6,1,1
"23",1,1,20,5,1,1,1
"24",2,1,37,5,2,1,1
"25",1,3,40,2,3,2,1
"26",2,1,32,5,1,2,3
"27",2,1,32,9,1,1,3
"28",1,1,23,5,4,1,1
"29",1,1,47,3,2,2,1
"30",2,2,28,10,4,3,2
"31",1,1,30,5,3,1,2
"32",2,1,40,5,2,2,3
"33",1,1,23,3,1,1,2
"34",1,1,25,3,2,1,1
"35",2,1,36,2,3,2,2
"36",1,1,20,5,1,1,2
"37",1,3,36,3,1,1,3
"38",2,2,28,3,3,1,1
"39",2,2,36,3,1,1,3
"40",1,1,40,5,2,2,1
"41",1,1,43,3,2,2,1
"42",1,1,49,3,2,2,2
"43",1,1,36,5,1,1,2
"44",2,1,31,9,2,3,1
"45",2,1,33,10,1,2,1
"46",1,1,22,5,3,1,1
"47",2,1,23,4,1,1,1
"48",1,3,32,8,3,2,1
"49",2,1,37,5,1,1,1
"50",2,1,37,3,6,1,2
"51",1,1,20,4,6,1,2
"52",1,3,53,3,1,2,2
"53",2,1,27,5,4,1,1
"54",2,1,25,4,1,2,2
"55",2,1,22,5,4,1,1
"56",2,1,33,9,9,1,1
"57",1,1,50,3,5,3,3
"58",2,2,43,5,6,1,2
"59",2,3,39,5,4,1,2
"60",2,1,19,5,5,1,2
"61",1,3,46,3,6,2,2
"62",2,1,43,3,2,3,2
"63",2,1,28,8,5,1,2
"64",1,1,41,5,3,3,1
"65",2,1,25,8,6,1,1
"66",2,1,22,7,6,1,1
"67",2,1,32,5,10,2,2
"68",2,1,42,5,10,2,1
"69",1,1,47,5,2,2,3
"70",1,1,23,5,5,1,1
"71",2,1,37,3,5,2,2
"72",2,1,48,5,1,1,2
"73",2,1,27,4,1,1,2
"74",1,1,52,3,6,3,1
"75",1,3,34,5,6,2,3
"76",1,1,34,3,12,1,2
"77",1,1,27,10,1,1,1
"78",2,1,19,5,9,1,2
"79",2,1,42,10,1,2,2
"80",2,1,39,5,12,2,3
"81",2,1,54,5,1,6,2
"82",1,1,51,3,12,2,3
"83",2,1,22,5,2,1,2
"84",2,1,39,3,6,2,1
"85",2,1,20,5,6,1,1
"86",2,1,31,5,4,1,1
"87",2,1,21,3,2,1,1
"88",2,1,20,3,5,1,2
"89",1,3,21,5,1,1,1
"90",2,1,24,8,2,1,1
"91",2,1,20,5,7,1,1
"92",2,1,24,5,1,1,1
"93",2,1,27,8,5,1,1
"94",1,1,52,6,6,2,2
"95",1,1,36,5,2,1,3
"96",1,1,52,5,4,1,1
"97",1,1,21,5,6,1,2
"98",2,1,54,10,3,1,2
"99",1,1,20,5,12,1,3
"100",1,1,28,10,1,1,3
"101",1,1,23,8,2,1,1
"102",2,2,40,5,12,2,2
"103",2,1,31,9,3,1,2
"104",1,1,24,8,6,1,2
"105",2,1,24,8,1,1,1
"106",1,1,42,10,6,1,2
"107",1,1,39,3,1,3,3
"108",1,1,22,5,8,1,2
"109",1,1,21,5,12,1,3
"110",2,2,38,4,1,3,1
"111",1,3,24,4,8,1,2
"112",1,1,21,5,9,1,1
"113",2,1,36,2,12,2,1
"114",2,1,32,10,6,1,2
"115",1,1,20,5,12,1,3
"116",1,1,19,5,14,1,1
"117",1,1,23,5,10,1,3
"118",2,1,27,8,1,1,1
"119",1,1,44,5,12,2,2
"120",2,1,41,2,12,2,3
"121",1,1,42,3,12,1,1
"122",2,1,38,10,1,2,2
"123",1,1,34,8,13,1,3
"124",2,1,24,8,12,1,2
"125",1,1,19,3,8,1,1
"126",2,1,46,5,8,2,2
"127",2,2,29,5,2,3,2
"128",1,1,18,3,12,1,1
"129",1,3,44,3,8,3,2
"130",2,1,43,5,12,1,2
"131",2,1,33,3,12,3,2
"132",2,1,24,9,8,1,1
"133",2,1,22,5,8,1,3
"134",2,3,21,3,12,2,1
"135",1,1,21,5,12,1,2
"136",2,1,27,8,12,1,2
"137",2,1,49,3,4,3,3
"138",1,3,42,10,12,2,1
"139",2,1,58,3,12,3,3
"140",1,1,31,5,9,1,1
"141",2,1,35,3,8,1,1
"142",1,1,49,3,5,1,2
"143",1,1,28,5,4,1,3
"144",1,1,20,3,12,1,1
"145",1,1,22,3,12,1,2
"146",1,1,34,5,1,1,1
"147",2,1,31,5,12,1,3
"148",2,1,39,5,12,1,1
"149",1,1,23,3,3,1,2
"150",1,1,46,3,12,1,2
"151",2,1,42,10,3,1,1
"152",1,1,53,3,12,3,1
"153",2,1,43,5,10,2,1
"154",1,2,31,10,2,1,2
"155",2,3,39,10,6,1,1
"156",2,1,42,3,1,1,1
"157",1,1,48,5,12,1,3
"158",1,1,49,3,12,2,3
"159",2,1,40,5,18,2,1
"160",2,1,36,5,1,2,1
"161",1,1,38,5,12,2,1
"162",1,3,37,10,3,1,3
"163",2,1,29,10,10,1,1
"164",1,1,53,2,11,2,1
"165",1,1,29,5,12,2,1
"166",1,3,35,5,2,3,2
"167",2,1,33,5,12,3,3
"168",1,1,21,4,12,1,1
"169",2,1,34,2,12,2,1
"170",1,1,20,5,15,1,3
"171",2,1,29,10,10,1,1
"172",2,1,34,9,6,1,2
"173",2,1,33,5,12,1,1
"174",1,1,25,3,12,1,1
"175",1,1,41,3,12,2,1
"176",2,1,28,10,18,1,1
"177",2,1,46,3,12,2,3
"178",1,1,20,5,12,1,3
"179",1,1,24,8,18,1,3
"180",1,1,34,8,12,1,2
"181",2,1,43,10,12,1,2
"182",1,1,43,10,15,1,1
"183",1,3,33,3,6,1,1
"184",1,1,25,9,12,1,1
"185",2,1,24,3,12,1,2
"186",2,1,41,5,6,1,2
"187",2,1,27,9,12,1,1
"188",1,1,46,5,12,2,1
"189",2,1,34,5,20,2,3
"190",2,1,28,3,12,1,2
"191",2,1,41,3,12,1,1
"192",1,1,51,3,24,2,2
"193",2,2,41,5,16,2,1
"194",1,1,33,5,24,1,1
"195",2,1,24,8,12,1,1
"196",1,1,57,3,12,2,3
"197",2,1,53,3,24,2,1
"198",2,1,39,5,18,1,1
"199",1,3,25,5,12,2,1
"200",2,1,23,8,2,1,1
"201",2,3,29,3,24,1,1
"202",2,1,26,5,24,1,1
"203",1,1,51,6,12,1,1
"204",2,1,25,10,12,1,1
"205",1,1,49,3,24,3,1
"206",2,1,38,5,16,3,1
"207",2,1,32,5,24,1,1
"208",2,1,52,7,12,6,1
"209",2,1,38,8,12,2,3
"210",2,1,23,3,24,1,2
"211",1,1,53,3,24,2,1
"212",2,1,40,5,24,2,1
"213",2,1,30,9,2,1,3
"214",1,1,50,3,24,1,3
"215",2,1,26,4,24,1,1
"216",2,1,33,10,6,1,1
"217",2,1,35,6,12,1,1
"218",2,1,38,3,24,1,1
"219",2,1,26,8,20,1,1
"220",2,1,25,8,12,1,1
"221",1,1,54,5,11,2,1
"222",1,1,43,5,24,1,1
"223",1,3,25,4,12,2,1
"224",1,1,48,4,24,2,3
"225",1,1,27,8,24,1,2
"226",1,1,61,3,24,2,1
"227",1,1,36,3,24,2,1
"228",1,1,29,6,12,1,2
"229",2,1,25,8,24,1,1
"230",1,1,29,5,24,1,1
"231",2,1,29,10,2,1,1
"232",2,1,52,3,28,3,2
"233",2,1,48,5,2,3,1
"234",2,3,25,3,24,1,1
"235",2,1,33,10,24,2,3
"236",1,1,52,3,20,2,3
"237",1,1,48,7,21,2,1
"238",2,1,52,4,18,2,1
"239",2,1,28,5,24,1,3
"240",2,1,38,5,24,1,1
"241",1,1,43,3,24,2,1
"242",1,1,22,5,3,1,1
"243",2,1,33,5,24,2,2
"244",1,1,55,2,24,2,1
"245",2,1,31,9,20,1,3
"246",1,1,54,3,24,2,2
"247",2,1,52,7,24,2,1
"248",2,1,29,9,24,1,1
"249",2,1,40,3,24,3,3
"250",2,1,27,5,24,1,3
"251",1,1,54,2,30,3,2
"252",2,1,35,10,24,1,1
"253",2,1,34,9,24,1,2
"254",2,1,61,3,24,2,3
"255",2,1,50,3,36,6,3
"256",2,1,47,5,36,1,3
"257",2,2,53,5,36,2,2
"258",1,1,23,5,24,1,3
"259",1,1,36,5,36,2,3
"260",2,1,26,8,24,1,1
"261",2,1,33,8,30,1,1
"262",2,1,57,3,36,1,1
"263",1,1,45,3,30,1,2
"264",2,1,39,5,36,3,2
"265",1,1,23,3,36,1,2
"266",1,1,30,3,36,1,3
"267",1,1,37,3,36,2,1
"268",1,3,22,3,2,1,1
"269",2,2,38,8,36,3,1
"270",1,1,22,5,36,1,3
"271",1,1,37,10,36,1,2
"272",1,1,27,9,2,1,1
"273",1,1,31,10,1,1,2
"274",1,1,46,5,36,2,3
"275",1,2,34,4,36,2,1
"276",1,1,27,8,36,1,2
"277",1,1,53,3,36,2,3
"278",2,1,27,5,2,1,1
"279",1,1,30,5,24,1,2
"280",1,1,27,8,36,1,3
"281",1,1,23,3,4,1,1
"282",1,1,25,9,6,1,1
"283",2,3,35,2,12,2,1
"284",2,1,26,9,36,1,3
"285",1,1,30,8,30,1,1
"286",1,3,27,5,36,1,1
"287",2,1,34,9,6,1,1
"288",1,1,58,3,48,2,1
"289",1,1,27,4,12,1,1
"290",2,1,44,5,36,2,1
"291",1,1,41,5,48,1,3
"292",2,1,38,5,48,1,3
"293",1,3,34,3,36,2,1
"294",1,1,28,5,12,1,1
"295",2,1,49,5,36,1,1
"296",2,1,27,8,10,1,1
"297",2,1,20,3,36,1,1
"298",2,1,32,3,48,1,3
"299",2,1,25,9,12,1,1
"300",1,1,40,3,48,2,1
"301",2,1,41,10,36,2,1
"302",1,1,31,10,18,1,2
"303",1,1,24,5,48,1,3
"304",2,1,22,5,48,1,1
"305",1,1,55,4,48,3,1
"306",2,1,24,5,7,1,1
"307",1,1,58,3,48,2,1
"308",1,1,50,4,48,2,1
"309",1,1,53,3,36,3,2
"310",1,1,24,5,24,1,2
"311",1,1,43,5,60,1,1
"312",1,1,23,5,1,1,2
"313",1,1,26,5,48,1,3
"314",1,1,30,3,50,1,1
"315",2,1,43,5,48,1,1
"316",2,1,33,5,24,1,1
"317",2,1,32,8,48,2,3
"318",2,1,50,10,60,3,1
"319",2,1,35,5,60,1,1
"320",2,1,43,5,60,1,3
"321",1,1,25,5,72,1,1
"322",1,1,52,5,72,1,1
"323",1,3,23,5,12,1,2
"324",2,1,35,10,72,1,3
"325",2,1,55,5,72,2,1
