"","SG11","CITTAD","ETAM","TISTUD","DURRIC","STACIM","RIP3"
"2",1,1,20,3,1,1,1
"3",2,1,25,8,1,1,1
"4",2,1,39,10,1,1,1
"5",1,3,32,3,1,1,1
"6",2,1,35,5,1,2,3
"7",2,1,22,5,2,1,1
"8",1,3,44,4,1,2,2
"9",2,1,30,3,2,2,2
"10",1,1,28,5,2,1,1
"11",1,1,33,3,2,2,3
"12",1,2,47,3,1,2,2
"13",1,1,30,4,1,1,2
"14",2,1,26,4,1,1,1
"15",1,1,22,5,3,1,1
"16",1,1,48,2,2,2,3
"17",1,1,51,5,1,2,1
"18",2,1,24,9,2,1,1
"19",1,3,21,4,1,1,1
"20",1,1,48,5,2,1,3
"21",2,1,43,3,4,2,1
"22",2,1,36,5,3,1,1
"23",1,1,19,5,3,1,1
"24",2,1,28,5,3,1,1
"25",2,1,26,5,3,1,1
"26",2,1,54,5,1,3,2
"27",1,1,47,3,3,2,3
"28",2,2,44,4,1,3,3
"29",2,1,36,5,2,2,1
"30",1,1,54,4,4,1,3
"31",1,1,29,5,2,1,1
"32",1,3,18,2,4,1,1
"33",2,3,55,2,1,2,1
"34",2,3,32,3,1,1,1
"35",2,1,20,5,5,1,1
"36",1,1,54,3,2,2,2
"37",2,1,48,2,1,2,2
"38",1,1,49,3,4,3,1
"39",2,1,20,5,3,1,1
"40",1,3,32,3,1,1,1
"41",2,1,49,3,6,1,1
"42",1,1,32,5,6,1,3
"43",2,1,24,5,2,1,1
"44",2,1,26,5,5,1,1
"45",2,1,25,5,3,1,1
"46",2,1,27,3,1,1,1
"47",1,1,28,10,1,1,3
"48",2,2,25,10,1,1,1
"49",1,1,35,5,4,1,3
"50",2,1,27,8,1,1,1
"51",1,1,55,2,1,2,3
"52",1,1,51,10,2,2,2
"53",2,1,25,5,1,1,3
"54",1,1,22,5,7,1,3
"55",1,1,36,5,6,2,3
"56",2,1,44,5,10,3,3
"57",2,3,26,5,5,1,2
"58",2,1,34,9,3,2,2
"59",2,1,56,2,12,2,2
"60",1,1,33,5,1,2,2
"61",2,1,40,3,3,3,1
"62",1,1,45,3,5,2,3
"63",2,1,31,5,2,2,3
"64",1,1,36,5,1,2,1
"65",1,1,26,5,1,1,1
"66",1,1,25,6,12,1,2
"67",2,1,38,5,12,2,3
"68",2,1,38,4,6,1,2
"69",1,1,26,8,3,1,1
"70",2,1,41,5,3,2,1
"71",1,1,50,5,2,2,1
"72",2,1,18,4,1,1,1
"73",2,1,35,5,6,1,2
"74",1,2,30,3,1,1,1
"75",1,1,37,5,10,2,3
"76",2,3,35,2,3,1,2
"77",2,1,25,9,12,1,1
"78",2,3,38,3,12,2,1
"79",2,1,26,8,7,1,1
"80",1,1,20,5,7,1,2
"81",1,1,51,5,3,3,1
"82",1,1,27,9,8,1,1
"83",1,1,41,3,12,1,1
"84",2,1,45,10,12,2,1
"85",2,1,48,3,12,3,1
"86",2,1,25,8,1,1,2
"87",1,1,51,3,6,1,1
"88",1,1,25,10,7,1,2
"89",2,1,18,3,2,1,1
"90",1,1,37,3,6,1,3
"91",1,1,24,3,3,1,1
"92",1,3,40,5,12,2,2
"93",2,1,27,10,1,1,1
"94",2,1,28,5,6,2,1
"95",1,1,47,3,4,1,1
"96",2,1,20,5,3,1,1
"97",1,1,32,5,12,1,2
"98",2,1,24,5,3,1,1
"99",1,1,51,3,12,2,3
"100",2,1,35,8,1,2,2
"101",1,1,20,5,5,1,2
"102",2,1,39,5,12,3,1
"103",1,1,30,10,12,1,1
"104",2,1,54,5,6,1,2
"105",2,1,30,8,3,1,3
"106",2,1,43,3,12,2,3
"107",1,1,28,3,12,1,1
"108",2,1,57,3,3,2,1
"109",2,1,29,8,2,1,1
"110",2,1,51,10,12,2,1
"111",2,1,31,5,4,1,1
"112",2,1,38,10,3,1,3
"113",2,1,26,9,2,1,1
"114",2,1,59,3,12,6,1
"115",2,1,24,5,6,1,1
"116",2,1,22,3,4,1,1
"117",2,3,24,5,12,1,1
"118",1,1,42,3,12,2,3
"119",1,1,33,5,6,2,1
"120",2,1,20,5,12,1,1
"121",2,1,51,5,8,3,1
"122",1,1,45,3,14,2,1
"123",1,1,28,10,12,1,1
"124",2,1,33,10,12,1,2
"125",2,1,47,5,6,3,3
"126",1,1,23,3,6,1,3
"127",2,1,28,9,2,1,1
"128",2,1,35,10,1,1,2
"129",2,1,27,5,4,1,1
"130",2,1,39,10,12,1,1
"131",2,1,31,9,4,1,3
"132",1,1,43,6,13,1,1
"133",1,3,39,3,12,2,1
"134",1,2,39,4,6,1,1
"135",1,1,42,3,14,1,2
"136",1,3,23,5,12,1,1
"137",1,1,56,3,6,2,2
"138",2,1,30,10,12,1,1
"139",2,1,25,3,12,1,1
"140",1,1,26,5,10,1,2
"141",2,1,45,3,10,2,1
"142",2,1,59,5,12,1,3
"143",1,1,30,5,12,1,2
"144",1,1,48,5,12,2,1
"145",2,1,56,10,6,3,1
"146",2,1,51,4,12,2,1
"147",1,1,34,8,18,1,3
"148",1,1,23,5,10,1,1
"149",2,1,56,3,12,2,3
"150",2,1,48,5,1,2,1
"151",2,1,26,7,12,1,3
"152",1,3,35,4,12,3,1
"153",1,1,58,5,12,2,1
"154",2,1,27,9,1,1,1
"155",1,1,23,5,6,1,1
"156",1,1,40,2,12,1,2
"157",2,1,42,5,12,2,1
"158",1,1,52,5,2,2,1
"159",1,3,58,3,12,3,2
"160",1,1,47,3,8,1,2
"161",1,3,50,3,18,2,1
"162",1,1,40,9,12,2,2
"163",1,1,34,5,8,2,1
"164",1,1,54,5,18,3,2
"165",2,3,44,3,12,2,1
"166",2,1,57,3,12,2,2
"167",2,1,28,9,11,1,1
"168",1,1,23,8,17,1,2
"169",2,1,31,10,12,1,3
"170",2,1,27,9,11,1,3
"171",1,1,33,3,5,1,2
"172",2,2,35,5,12,1,1
"173",1,3,28,3,12,1,1
"174",2,1,22,4,24,1,1
"175",1,3,39,5,12,2,3
"176",1,1,28,3,24,1,3
"177",2,1,53,3,12,6,1
"178",2,1,27,10,12,1,3
"179",2,1,55,8,12,1,1
"180",1,1,22,5,4,1,1
"181",2,1,45,10,12,1,1
"182",2,1,24,8,12,1,1
"183",1,1,28,3,12,1,3
"184",1,1,45,5,18,2,2
"185",2,1,33,5,24,1,2
"186",1,2,35,10,24,1,1
"187",2,2,31,10,12,2,1
"188",2,1,22,4,24,1,1
"189",2,1,33,6,12,1,1
"190",2,2,35,5,24,1,1
"191",1,1,26,5,24,1,2
"192",2,2,47,5,24,3,2
"193",1,1,42,5,24,2,1
"194",1,1,44,3,12,1,2
"195",1,1,44,5,12,1,2
"196",2,1,48,5,18,1,1
"197",1,1,39,5,24,2,2
"198",2,1,23,8,12,1,3
"199",2,1,29,10,12,1,2
"200",1,1,36,10,12,1,2
"201",2,2,32,5,20,1,1
"202",2,1,50,3,24,2,3
"203",1,1,49,5,24,1,3
"204",1,1,38,2,24,1,2
"205",2,1,44,4,24,2,1
"206",1,3,35,3,24,2,1
"207",1,1,60,3,24,2,3
"208",1,1,43,8,6,1,1
"209",1,1,28,5,24,1,3
"210",2,1,49,3,24,3,1
"211",2,1,29,10,24,1,3
"212",1,1,36,5,24,1,2
"213",2,1,45,8,24,2,2
"214",2,1,30,9,24,1,3
"215",1,1,43,8,1,2,1
"216",2,1,26,10,24,1,3
"217",1,3,59,5,24,6,1
"218",1,1,56,4,16,2,1
"219",2,1,22,5,20,2,2
"220",2,1,24,8,12,1,2
"221",1,1,40,5,18,1,2
"222",2,1,54,5,24,2,2
"223",2,1,43,5,24,2,3
"224",2,1,48,5,24,1,2
"225",1,1,25,9,9,1,1
"226",1,3,56,3,36,2,1
"227",1,3,21,4,12,1,2
"228",2,1,23,7,24,1,1
"229",1,1,42,5,12,3,1
"230",2,1,27,4,36,1,1
"231",2,1,30,8,1,1,1
"232",1,1,26,3,5,3,1
"233",1,1,23,5,36,1,3
"234",2,1,28,9,2,1,2
"235",1,1,26,8,5,1,2
"236",2,1,23,5,5,1,1
"237",1,1,25,3,36,1,1
"238",1,1,30,3,36,1,3
"239",2,1,28,7,4,1,2
"240",1,1,42,3,36,1,3
"241",1,1,48,3,36,1,1
"242",2,1,23,5,2,1,1
"243",2,1,56,3,36,3,1
"244",1,1,29,5,12,1,1
"245",2,1,26,9,12,1,1
"246",2,1,32,10,36,1,3
"247",1,3,24,5,1,1,2
"248",2,1,31,8,1,1,1
"249",1,2,22,3,5,1,1
"250",1,1,25,4,2,1,1
"251",1,1,37,3,36,2,3
"252",1,1,41,10,8,2,1
"253",2,1,27,10,2,1,2
"254",2,1,25,3,6,1,1
"255",1,1,22,4,4,1,1
"256",2,1,32,9,2,2,1
"257",1,3,31,3,6,2,2
"258",2,1,46,10,12,2,2
"259",2,1,29,10,36,1,1
"260",1,1,25,4,48,1,3
"261",1,1,24,5,48,1,3
"262",1,1,26,5,12,1,2
"263",2,1,49,5,36,3,1
"264",2,1,46,5,36,1,3
